File	Component Definitions	Annotated Defs	Annotations per def
sb200005w.xml	13	0	
sb200029a.xml	6	0	
sb3000029.xml	195	0	
sb300010a.xml	116	0	
sb300016b.xml	2086	0	
sb3000172.xml	10	0	
sb3000194.xml	110	0	
sb300027y.xml	43	1	1
sb300029m.xml	56	0	
sb300037w.xml	36	0	
sb300040v.xml	1	0	
sb300042w.xml	4	0	
sb300045j.xml	55	0	
sb3000518.xml	728	0	
sb300061x.xml	5	0	
sb3000657.xml	79	0	
sb300069k.xml	967	0	
sb3000723.xml	11	0	
sb3000782.xml	46	0	
sb300080t.xml	114	0	
sb3000832.xml	10	0	
sb300084h.xml	8	2	"1, 2"
sb3000904.xml	23	0	
sb300091d.xml	12	0	
sb300093y.xml	14	0	
sb3001003.xml	26	0	
sb300104f.xml	38	0	
sb3001084.xml	11	0	
sb300114d.xml	39	1	1
sb300115n.xml	7	0	
sb300119v.xml	18	0	
sb300123m.xml	51	0	
sb300128r.xml	14	0	
sb300131w.xml	38	0	
sb3001326.xml	7	0	
sb400002n.xml	3	0	
sb400003y.xml	79	0	
sb4000096.xml	41	1	3
sb400016j.xml	52	0	
sb400019s.xml	38	0	
sb400021j.xml	10	0	
sb400037a.xml	7	1	1
sb4000433.xml	3	0	
sb400048b.xml	73	0	
sb400050k.xml	17	0	
sb400051t.xml	129	0	
sb400053b.xml	1134	0	
sb4000542.xml	92	0	
sb400058n.xml	110	0	
sb400059y.xml	7	0	
sb400065q.xml	37	0	
sb400066m.xml	10	4	"9, 1, 5, 4"
sb400067v.xml	127	0	
sb400074w.xml	14	0	
sb4000756.xml	7	0	
sb400076r.xml	1	0	
sb4000788.xml	2	0	
sb400079u.xml	55	0	
sb400081r.xml	58	0	
sb400082j.xml	26	0	
sb400086p.xml	21	1	3
sb400089c.xml	20	1	1
sb400090s.xml	19	0	
sb400091p.xml	49	0	
sb400093x.xml	28	0	
sb4000959.xml	97	0	
sb4000965.xml	2	0	
sb4000977.xml	25	9	"1, 1, 1, 1, 1, 1, 1, 1, 1"
sb400102w.xml	4	0	
sb400109p.xml	207	0	
sb400114p.xml	26	0	
sb400117c.xml	27	0	
sb4001189.xml	39	0	
sb400128g.xml	23	23	"3, 2, 2, 2, 2, 2, 2, 3, 2, 2, 2, 2, 2, 2, 2, 2, 2, 2, 2, 2, 2, 2, 2"
sb400131a.xml	97	1	2
sb400135t.xml	696	0	
sb4001382.xml	57	0	
sb400139h.xml	0	0	
sb400140t.xml	16	0	
sb4001432.xml	48	0	
sb4001504.xml	160	151	"2, 2, 2, 1, 2, 1, 1, 1, 3, 2, 2, 1, 1, 1, 1, 2, 2, 2, 2, 2, 2, 1, 2, 2, 3, 2, 2, 1, 2, 3, 2, 2, 3, 2, 3, 3, 3, 2, 2, 2, 3, 3, 2, 1, 2, 1, 3, 2, 1, 2, 3, 2, 1, 2, 2, 1, 1, 2, 2, 2, 2, 2, 2, 1, 2, 2, 2, 2, 2, 2, 2, 1, 2, 2, 2, 2, 2, 1, 2, 2, 2, 2, 3, 2, 2, 2, 2, 2, 2, 2, 2, 2, 2, 2, 2, 2, 1, 2, 2, 1, 2, 1, 2, 1, 2, 2, 3, 1, 2, 1, 1, 1, 2, 3, 1, 2, 2, 2, 1, 2, 2, 2, 1, 2, 2, 2, 2, 2, 2, 2, 2, 3, 3, 2, 2, 1, 1, 2, 2, 2, 2, 3, 3, 2, 3, 1, 1, 1, 2, 3, 1"
sb400156v.xml	6	0	
sb400157z.xml	13	0	
sb4001596.xml	26	0	
sb400160m.xml	2	0	
sb400162z.xml	16	0	
sb4001728.xml	42	0	
sb400174s.xml	6	0	
sb400194g.xml	15	0	
sb4001992.xml	960	0	
sb400202s.xml	1	0	
sb400206c.xml	12	1	1
sb500003x.xml	20	0	
sb5000059.xml	16	0	
sb5000115.xml	21	0	
sb500018f.xml	22	0	
sb500023f.xml	13	0	
sb5000252.xml	1	1	1
sb500031h.xml	17	3	"1, 1, 1"
sb500033d.xml	2	2	"2, 2"
sb500035y.xml	43	0	
sb500036q.xml	8	0	
sb500045w.xml	4	0	
sb500062p.xml	15	0	
sb5000725.xml	20	0	
sb500074a.xml	69	0	
sb500079f.xml	85	0	
sb500090b.xml	12	0	
sb500096y.xml	26	0	
sb5001356.xml	2	0	
sb5001565.xml	26	0	
sb500173f.xml	3164	0	
sb500194z.xml	13	1	2
sb500195w.xml	10	0	
sb500225r.xml	24	0	
sb500226j.xml	16	0	
sb500234s.xml	43	16	"6, 3, 3, 3, 3, 6, 8, 3, 3, 6, 11, 6, 3, 6, 3, 11"
sb500237x.xml	44	0	
sb5002399.xml	8	0	
sb500240p.xml	29	0	
sb500241e.xml	86	0	
sb500243c.xml	188	0	
sb500247a.xml	64	0	
sb5002483.xml	8	0	
sb5002517.xml	54	0	
sb500252a.xml	30	0	
sb5002533.xml	4563	0	
sb500255k.xml	80	0	
sb500262f.xml	2	0	
sb500270h.xml	57	0	
sb500273n.xml	175	0	
sb500278z.xml	66	0	
sb500279w.xml	13	0	
sb5002856.xml	45	0	
sb500296p.xml	49	0	
sb500300d.xml	3	0	
sb500305v.xml	26	0	
sb500309r.xml	62	0	
sb5003136.xml	24	0	
sb500314r.xml	3	0	
sb500319p.xml	51	0	
sb5003218.xml	13	0	
sb500322u.xml	20	0	
sb500331x.xml	174	0	
sb500332c.xml	48	0	
sb500341a.xml	17	0	
sb500343g.xml	22	0	
sb500345t.xml	5	0	
sb5003482.xml	23	0	
sb500351f.xml	97	0	
sb500356d.xml	113	0	
sb500363y.xml	89	0	
sb500364q.xml	8	0	
sb500365m.xml	61	0	
sb500366v.xml	188	96	"5, 5, 10, 5, 6, 6, 6, 6, 5, 10, 5, 8, 13, 5, 6, 6, 5, 8, 8, 6, 5, 5, 6, 10, 6, 6, 6, 5, 5, 5, 14, 6, 5, 6, 5, 9, 6, 6, 8, 5, 6, 6, 6, 5, 5, 6, 5, 5, 5, 9, 9, 6, 6, 5, 5, 6, 10, 6, 6, 5, 6, 5, 5, 6, 6, 6, 6, 6, 6, 6, 5, 8, 5, 6, 5, 5, 9, 6, 5, 6, 6, 6, 5, 8, 5, 5, 6, 6, 6, 9, 8, 5, 6, 6, 6, 5"
sb500368w.xml	28	0	
sb500372z.xml	18	0	
sb5b00002.xml	73	0	
sb5b00004.xml	42	0	
sb5b00007.xml	100	0	
sb5b00012.xml	48	1	7
sb5b00016.xml	68	0	
sb5b00025.xml	113	0	
sb5b00033.xml	44	0	
sb5b00034.xml	3	0	
sb5b00037.xml	6	0	
sb5b00038.xml	65	0	
sb5b00040.xml	12	0	
sb5b00041.xml	26	0	
sb5b00048.xml	6	0	
sb5b00051.xml	8	0	
sb5b00054.xml	34	0	
sb5b00057.xml	84	0	
sb5b00060.xml	65	8	"9, 5, 6, 9, 8, 9, 4, 4"
sb5b00062.xml	32	0	
sb5b00074.xml	1	0	
sb5b00075.xml	23	0	
sb5b00076.xml	127	0	
sb5b00077.xml	11	1	1
sb5b00080.xml	93	0	
sb5b00085.xml	18	9	"6, 4, 1, 3, 3, 1, 1, 4, 1"
sb5b00092.xml	15	0	
sb5b00098.xml	20	0	
sb5b00100.xml	52	0	
sb5b00111.xml	8	0	
sb5b00113.xml	108	0	
sb5b00116.xml	12	11	"5, 7, 5, 7, 5, 11, 7, 7, 4, 7, 7"
sb5b00117.xml	18	0	
sb5b00120.xml	14	0	
sb5b00131.xml	37	0	
sb5b00132.xml	53	2	"5, 12"
sb5b00147.xml	47	11	"1, 1, 2, 2, 2, 2, 2, 1, 2, 2, 1"
sb5b00156.xml	77	6	"1, 5, 3, 1, 5, 6"
sb5b00158.xml	661	0	
sb5b00161.xml	38	1	1
sb5b00162.xml	16	0	
sb5b00164.xml	16	0	
sb5b00170.xml	54	0	
sb5b00174.xml	32	6	"3, 1, 1, 1, 1, 1"
sb5b00180.xml	258	0	
sb5b00191.xml	36	0	
sb5b00196.xml	28	0	
sb5b00197.xml	1	0	
sb5b00201.xml	32	0	
sb5b00209.xml	54	0	
sb5b00212.xml	92	33	"1, 4, 2, 1, 1, 2, 3, 6, 1, 3, 3, 1, 3, 1, 1, 1, 4, 3, 2, 4, 1, 10, 5, 1, 2, 1, 3, 4, 1, 2, 3, 3, 1"
sb5b00213.xml	51	0	
sb5b00215.xml	104	23	"1, 3, 1, 2, 1, 1, 1, 2, 1, 1, 7, 1, 1, 1, 1, 1, 1, 1, 1, 1, 3, 1, 1"
sb5b00216.xml	11	0	
sb5b00219.xml	196	0	
sb5b00223.xml	45	12	"1, 1, 2, 2, 2, 2, 2, 3, 2, 2, 2, 2"
sb5b00225.xml	5112	0	
sb5b00228.xml	40	0	
sb5b00230.xml	4	1	2
sb5b00231.xml	58	0	
sb5b00240.xml	88	0	
sb5b00250.xml	115	0	
sb5b00253.xml	2	0	
sb5b00257.xml	37	0	
sb5b00259.xml	18	0	
sb5b00261.xml	6	0	
sb5b00264.xml	117	2	"3, 4"
sb5b00266.xml	2083	0	
sb5b00274.xml	7	0	
sb5b00279.xml	13	0	
sb5b00286.xml	11	0	
sb5b00287.xml	8	0	
sb5b00289.xml	75	0	
sb5b00296.xml	8	2	"1, 1"
sb5b00298.xml	33	0	
sb5b00299.xml	37	0	
sb6b00007.xml	37	0	
sb6b00010.xml	5	1	1
sb6b00013.xml	5	0	
sb6b00017.xml	56	0	
sb6b00019.xml	148	0	
sb6b00025.xml	14	0	
sb6b00027.xml	117	0	
sb6b00029.xml	5	0	
sb6b00030.xml	14	0	
sb6b00031.xml	126	16	"3, 2, 1, 1, 3, 5, 1, 2, 1, 2, 11, 1, 1, 1, 1, 1"
sb6b00032.xml	14	0	
sb6b00034.xml	17	0	
sb6b00036.xml	141	1	2
sb6b00037.xml	7	0	
sb6b00038.xml	57	0	
sb6b00040.xml	6	3	"1, 1, 1"
sb6b00044.xml	44	0	
sb6b00050.xml	51	0	
sb6b00056.xml	47	0	
sb6b00060.xml	100	0	
sb6b00061.xml	28	0	
sb6b00064.xml	14	0	
sb6b00065.xml	4	0	
sb6b00069.xml	17	0	
sb6b00075.xml	50	2	"1, 2"
sb6b00078.xml	86	0	
sb6b00079.xml	31	1	3
sb6b00080.xml	170	0	
sb6b00081.xml	43	0	
sb6b00082.xml	125	0	
sb6b00083.xml	29	0	
sb6b00085.xml	17	0	
sb6b00087.xml	42	2	"1, 1"
sb6b00089.xml	86	0	
sb6b00092.xml	19	1	1
sb6b00100.xml	12	0	
sb6b00105.xml	53	0	
sb6b00107.xml	2	0	
sb6b00109.xml	76	0	
sb6b00114.xml	95	0	
sb6b00115.xml	119	0	
sb6b00117.xml	1	0	
sb6b00119.xml	149	0	
sb6b00121.xml	148	0	
sb6b00122.xml	111	0	
sb6b00123.xml	349	0	
sb6b00125.xml	119	7	"3, 2, 3, 2, 3, 3, 3"
sb6b00132.xml	22	0	
sb6b00136.xml	16	0	
sb6b00138.xml	39	0	
sb6b00140.xml	47	0	
sb6b00141.xml	38	0	
sb6b00145.xml	33	0	
sb6b00148.xml	29	0	
sb6b00154.xml	17	0	
sb6b00157.xml	6	6	"3, 3, 1, 2, 1, 2"
sb6b00159.xml	20	0	
sb6b00160.xml	4	0	
sb6b00165.xml	96	0	
sb6b00166.xml	38	1	2
sb6b00167.xml	14	0	
sb6b00170.xml	18	0	
sb6b00174.xml	34	0	
sb6b00176.xml	4	0	
sb6b00177.xml	37	0	
sb6b00178.xml	210	0	
sb6b00184.xml	9	9	"1, 1, 1, 1, 1, 2, 1, 1, 1"
sb6b00187.xml	80	0	
sb6b00191.xml	4	3	"4, 5, 4"
sb6b00193.xml	30	0	
sb6b00194.xml	29	0	
sb6b00199.xml	28	0	
sb6b00201.xml	11	0	
sb6b00202.xml	29	5	"1, 1, 1, 1, 1"
sb6b00203.xml	22	0	
sb6b00206.xml	213	0	
sb6b00215.xml	207	1	2
sb6b00230.xml	5	0	
sb6b00233.xml	10	0	
sb6b00235.xml	378	0	
sb6b00239.xml	36	0	
sb6b00245.xml	85	0	
sb6b00248.xml	42	0	
sb6b00250.xml	24	2	"1, 1"
sb6b00251.xml	93	0	
sb6b00254.xml	72	0	
sb6b00255.xml	6	0	
sb6b00261.xml	145	0	
sb6b00263.xml	45	0	
sb6b00271.xml	198	2	"1, 1"
sb6b00279.xml	11	11	"2, 2, 2, 2, 2, 2, 2, 2, 2, 2, 2"
sb6b00281.xml	66	0	
sb6b00282.xml	6	0	
sb6b00285.xml	3	0	
sb6b00287.xml	126	0	
sb6b00292.xml	9	2	"4, 2"
sb6b00293.xml	1	0	
sb6b00295.xml	48	0	
sb6b00297.xml	2	0	
sb6b00299.xml	89	0	
sb6b00313.xml	47	0	
sb6b00319.xml	70	19	"2, 2, 3, 2, 3, 3, 1, 2, 3, 2, 1, 1, 3, 3, 1, 2, 1, 1, 3"
sb6b00320.xml	187	6	"1, 1, 1, 1, 1, 1"
sb6b00323.xml	48	0	
sb6b00324.xml	69	0	
sb6b00328.xml	91	0	
sb6b00330.xml	93	0	
sb6b00335.xml	27	0	
sb6b00336.xml	14	0	
sb6b00337.xml	50	1	1
sb6b00339.xml	36	0	
sb6b00341.xml	1	0	
sb6b00342.xml	121	0	
sb6b00346.xml	78	0	
sb6b00348.xml	111	0	
sb6b00349.xml	18	0	
sb6b00350.xml	43	0	
sb6b00353.xml	48	0	
sb6b00354.xml	69	1	1
sb6b00358.xml	77	0	
sb6b00361.xml	14	0	
sb6b00364.xml	48	0	
sb6b00368.xml	94	0	
sb6b00373.xml	38	0	
sb6b00374.xml	132	0	
sb6b00376.xml	292	0	
sb6b00377.xml	6	0	
sb6b00378.xml	124	0	
sb6b00379.xml	2	0	
sb6b00387.xml	16	0	
sb6b00388.xml	58	0	
sb6b00391.xml	36	0	
sb6b00392.xml	12	0	
sb7b00009.xml	21	0	
sb7b00017.xml	28	14	"2, 1, 1, 5, 5, 2, 3, 1, 1, 1, 5, 3, 5, 5"
sb7b00019.xml	25	0	
sb7b00020.xml	13	0	
sb7b00025.xml	9	0	
sb7b00034.xml	2	0	
sb7b00041.xml	199	0	
sb7b00042.xml	45	0	
sb7b00045.xml	96	0	
sb7b00046.xml	22	1	1
sb7b00048.xml	43	0	
sb7b00050.xml	48	0	
sb7b00057.xml	23	0	
sb7b00058.xml	23	1	3
sb7b00059.xml	15	12	"4, 4, 4, 4, 4, 4, 4, 4, 4, 4, 4, 4"
sb7b00069.xml	54	1	2
sb7b00072.xml	45	0	
sb7b00078.xml	13	0	
sb7b00083.xml	7	0	
sb7b00089.xml	43	0	
sb7b00099.xml	12	0	
sb7b00102.xml	9	0	
sb7b00105.xml	32	0	
sb7b00109.xml	14	0	
sb7b00112.xml	260	0	
sb7b00113.xml	154	0	
sb7b00114.xml	13	0	
sb7b00115.xml	24	0	
sb7b00116.xml	108	0	
sb7b00119.xml	34	1	2
sb7b00122.xml	23	12	"3, 3, 3, 3, 3, 3, 3, 3, 3, 3, 3, 3"
sb7b00124.xml	36	2	"1, 1"
sb7b00128.xml	24	0	
sb7b00131.xml	3	0	
sb7b00134.xml	7	0	
sb7b00137.xml	4	0	
sb7b00138.xml	51	0	
sb7b00144.xml	23	0	
sb7b00147.xml	18	0	
sb7b00155.xml	94	0	
sb7b00157.xml	138	0	
sb7b00163.xml	158	0	
sb7b00165.xml	16	0	
sb7b00166.xml	28	0	
sb7b00167.xml	128	0	
sb7b00169.xml	17	0	
sb7b00171.xml	14	0	
sb7b00179.xml	36	0	
sb7b00191.xml	137	0	
sb7b00192.xml	25	1	1
sb7b00199.xml	12	0	
sb7b00200.xml	17	0	
sb7b00203.xml	4	0	
sb7b00209.xml	116	0	
sb7b00214.xml	5	0	
sb7b00219.xml	6	0	
sb7b00237.xml	20	0	
sb7b00240.xml	89	0	
sb7b00246.xml	90	0	
sb7b00247.xml	29	0	
sb7b00249.xml	102	0	
sb7b00251.xml	22	0	
sb7b00253.xml	25	14	"3, 3, 3, 4, 3, 3, 2, 3, 2, 3, 2, 1, 4, 1"
sb7b00254.xml	105	0	
sb7b00256.xml	25	0	
sb7b00258.xml	41	0	
sb7b00259.xml	66	0	
sb7b00260.xml	24	0	
sb7b00261.xml	88	0	
sb7b00266.xml	45	0	
sb7b00268.xml	269	5	"2, 2, 1, 1, 2"
sb7b00269.xml	39	0	
sb7b00273.xml	15	0	
sb7b00277.xml	18	0	
sb7b00278.xml	131	0	
sb7b00279.xml	77	0	
sb7b00281.xml	10	0	
sb7b00285.xml	53	0	
sb7b00287.xml	36	0	
sb7b00290.xml	15	0	
sb7b00292.xml	29	3	"5, 1, 6"
sb7b00293.xml	46	0	
sb7b00294.xml	18	0	
sb7b00295.xml	10	0	
sb7b00297.xml	248	0	
sb7b00302.xml	3	0	
sb7b00303.xml	28	0	
sb7b00306.xml	21	0	
sb7b00318.xml	101	0	
sb7b00322.xml	59	1	1
sb7b00325.xml	50	0	
sb7b00328.xml	14	4	"5, 5, 5, 4"
sb7b00333.xml	18	0	
sb7b00334.xml	30	0	
sb7b00338.xml	69	0	
sb7b00342.xml	14	3	"3, 4, 3"
sb7b00345.xml	153	0	
sb7b00349.xml	36	0	
sb7b00355.xml	316	0	
sb7b00356.xml	36	0	
sb7b00363.xml	114	0	
sb7b00366.xml	869	0	
sb7b00373.xml	34	0	
sb7b00375.xml	77	0	
sb7b00376.xml	20	12	"1, 1, 1, 1, 1, 1, 1, 1, 1, 1, 2, 1"
sb7b00382.xml	55	0	
sb7b00383.xml	9	0	
sb7b00385.xml	17	0	
sb7b00387.xml	23	0	
sb7b00390.xml	15	0	
sb7b00391.xml	35	0	
sb7b00397.xml	48	0	
sb7b00398.xml	57	0	
sb7b00399.xml	75	53	"3, 3, 5, 4, 2, 5, 5, 3, 2, 5, 4, 8, 5, 5, 6, 5, 8, 5, 5, 4, 2, 5, 2, 3, 5, 3, 8, 4, 8, 3, 5, 4, 4, 5, 2, 4, 8, 7, 2, 5, 5, 5, 9, 5, 4, 5, 5, 5, 5, 8, 5, 2, 4"
sb7b00400.xml	159	0	
sb7b00404.xml	19	0	
sb7b00406.xml	3	0	
sb7b00407.xml	13	0	
sb7b00409.xml	36	0	
sb7b00410.xml	21	1	3
sb7b00412.xml	6	0	
sb7b00414.xml	32	0	
sb7b00416.xml	101	2	"1, 1"
sb7b00419.xml	879	0	
sb7b00421.xml	14	1	5
sb7b00422.xml	6	1	3
sb7b00425.xml	24	0	
sb7b00426.xml	13	0	
sb7b00428.xml	6	0	
sb7b00430.xml	104	0	
sb7b00431.xml	11	0	
sb7b00433.xml	7	0	
sb7b00439.xml	14	0	
sb7b00440.xml	18	1	1
sb7b00446.xml	11	0	
sb7b00448.xml	107	0	
sb7b00451.xml	19	0	
sb7b00453.xml	72	0	
sb7b00455.xml	6	0	
sb7b00456.xml	153	0	
sb7b00459.xml	4052	1258	"6, 5, 5, 1, 5, 4, 7, 1, 5, 1, 6, 7, 5, 6, 5, 1, 8, 6, 6, 6, 4, 1, 7, 1, 1, 5, 6, 7, 6, 7, 6, 6, 1, 7, 1, 6, 6, 1, 1, 7, 7, 6, 1, 1, 1, 1, 6, 8, 1, 1, 8, 4, 6, 6, 8, 7, 4, 6, 5, 1, 5, 1, 5, 6, 1, 1, 6, 1, 7, 5, 5, 1, 5, 1, 6, 8, 4, 1, 5, 7, 5, 4, 1, 7, 5, 5, 6, 2, 5, 8, 1, 1, 6, 1, 7, 6, 6, 6, 5, 5, 6, 8, 4, 1, 7, 7, 5, 6, 1, 1, 1, 6, 1, 1, 6, 5, 1, 1, 1, 1, 1, 1, 1, 3, 1, 1, 1, 1, 4, 8, 1, 6, 5, 6, 1, 6, 1, 1, 5, 1, 7, 5, 5, 5, 7, 5, 7, 6, 4, 1, 1, 6, 6, 6, 1, 5, 1, 5, 6, 6, 1, 1, 4, 6, 1, 6, 6, 3, 1, 8, 6, 5, 1, 7, 5, 6, 1, 1, 1, 1, 1, 6, 1, 1, 3, 6, 1, 4, 6, 6, 6, 5, 7, 1, 5, 4, 5, 6, 7, 5, 7, 1, 8, 5, 5, 5, 6, 1, 7, 1, 7, 6, 4, 6, 6, 6, 1, 4, 1, 1, 1, 1, 1, 6, 1, 1, 6, 8, 3, 1, 4, 9, 1, 5, 1, 4, 1, 6, 6, 1, 1, 1, 6, 1, 1, 6, 1, 6, 5, 1, 5, 1, 6, 4, 1, 6, 7, 5, 1, 6, 1, 1, 1, 4, 6, 5, 6, 6, 1, 6, 7, 6, 1, 5, 7, 8, 1, 5, 6, 7, 1, 1, 7, 1, 4, 5, 6, 8, 7, 6, 7, 5, 6, 6, 6, 1, 1, 7, 7, 5, 5, 1, 7, 1, 1, 1, 6, 6, 5, 4, 7, 4, 7, 8, 6, 6, 1, 1, 7, 5, 6, 6, 1, 1, 1, 1, 5, 7, 1, 1, 1, 6, 1, 4, 5, 6, 4, 8, 7, 7, 6, 4, 7, 7, 1, 5, 7, 4, 5, 1, 6, 5, 4, 7, 1, 1, 6, 5, 4, 7, 7, 1, 6, 6, 7, 5, 8, 7, 5, 7, 5, 4, 5, 1, 4, 1, 6, 6, 1, 1, 6, 6, 5, 5, 6, 8, 1, 4, 7, 5, 6, 7, 7, 1, 1, 1, 1, 5, 7, 5, 5, 1, 7, 6, 1, 8, 4, 6, 5, 4, 7, 5, 7, 1, 5, 5, 5, 7, 1, 1, 4, 7, 6, 5, 5, 7, 5, 6, 5, 6, 7, 6, 1, 5, 6, 6, 9, 6, 4, 6, 5, 4, 5, 6, 3, 5, 1, 5, 6, 7, 6, 1, 7, 6, 6, 1, 7, 6, 1, 6, 5, 6, 6, 7, 6, 4, 7, 8, 5, 6, 1, 6, 1, 8, 1, 1, 8, 1, 1, 6, 1, 1, 6, 8, 5, 5, 1, 1, 6, 4, 1, 1, 6, 6, 5, 5, 5, 5, 1, 1, 1, 1, 5, 6, 5, 1, 4, 7, 1, 4, 5, 8, 1, 1, 5, 6, 1, 1, 1, 1, 6, 5, 1, 6, 7, 5, 6, 1, 4, 4, 7, 1, 1, 1, 1, 5, 1, 1, 6, 7, 5, 1, 1, 5, 1, 7, 7, 5, 6, 8, 5, 5, 6, 1, 6, 1, 1, 1, 6, 5, 1, 5, 1, 6, 6, 6, 1, 7, 8, 7, 7, 6, 6, 5, 1, 8, 5, 6, 8, 7, 4, 6, 6, 1, 4, 1, 5, 4, 1, 1, 7, 1, 7, 6, 9, 7, 7, 1, 1, 6, 5, 7, 5, 6, 5, 6, 1, 6, 7, 5, 1, 6, 1, 6, 1, 1, 1, 1, 5, 1, 4, 6, 6, 6, 5, 1, 4, 1, 5, 1, 4, 6, 6, 6, 1, 5, 1, 1, 4, 1, 6, 1, 7, 6, 6, 1, 1, 7, 5, 1, 7, 1, 1, 1, 1, 7, 6, 7, 5, 7, 5, 6, 5, 5, 5, 6, 1, 7, 5, 1, 1, 6, 6, 1, 5, 1, 6, 6, 7, 4, 1, 5, 1, 7, 1, 6, 1, 1, 5, 1, 4, 7, 6, 5, 5, 5, 5, 5, 6, 5, 5, 1, 4, 6, 5, 1, 5, 1, 1, 6, 1, 1, 5, 1, 1, 1, 6, 6, 7, 1, 7, 1, 7, 6, 5, 1, 1, 7, 1, 1, 5, 4, 6, 1, 1, 1, 1, 8, 7, 5, 1, 1, 7, 6, 6, 7, 6, 1, 6, 7, 4, 1, 1, 1, 7, 1, 1, 1, 7, 5, 6, 5, 1, 4, 1, 7, 1, 7, 1, 1, 6, 6, 5, 5, 1, 1, 1, 1, 1, 1, 1, 1, 6, 1, 6, 5, 6, 5, 2, 9, 1, 5, 7, 6, 6, 6, 1, 6, 4, 7, 1, 1, 6, 7, 5, 1, 6, 4, 6, 7, 1, 6, 9, 7, 1, 6, 1, 4, 7, 1, 6, 5, 6, 5, 6, 5, 7, 1, 4, 1, 5, 1, 1, 1, 7, 6, 6, 1, 1, 5, 4, 7, 1, 5, 6, 6, 3, 5, 1, 1, 1, 6, 6, 7, 7, 7, 8, 4, 1, 5, 6, 7, 6, 1, 1, 4, 7, 1, 5, 6, 6, 8, 1, 5, 1, 6, 1, 1, 6, 1, 7, 1, 8, 6, 7, 7, 7, 6, 1, 7, 7, 4, 6, 5, 5, 6, 7, 1, 4, 7, 1, 5, 1, 7, 1, 4, 1, 6, 6, 5, 1, 5, 6, 1, 7, 1, 1, 6, 6, 1, 1, 5, 1, 5, 7, 1, 7, 1, 7, 1, 6, 1, 1, 7, 4, 1, 1, 6, 8, 1, 1, 6, 7, 9, 6, 1, 7, 7, 5, 4, 1, 6, 6, 5, 5, 4, 6, 1, 6, 8, 1, 8, 1, 1, 7, 5, 4, 1, 1, 1, 1, 8, 1, 7, 7, 5, 1, 4, 6, 1, 1, 5, 1, 8, 5, 4, 5, 6, 7, 6, 7, 1, 4, 1, 7, 5, 6, 1, 6, 1, 1, 7, 1, 7, 5, 7, 5, 6, 1, 1, 4, 5, 4, 5, 8, 5, 1, 7, 1, 1, 1, 6, 1, 1, 1, 5, 6, 5, 7, 5, 6, 6, 1, 8, 1, 1, 1, 1, 7, 6, 7, 1, 7, 1, 6, 5, 6, 1, 4, 1, 7, 1, 6, 5, 1, 7, 1, 6, 1, 1, 5, 1, 1, 1, 1, 1, 7, 6, 5, 6, 6, 5, 7, 6, 6, 1, 6, 9, 5, 6, 1, 5, 4, 1, 4, 5, 5, 6, 4, 4, 4, 1, 6, 7, 7, 7, 1, 7, 1, 5, 4, 6, 1, 4, 1, 1, 6, 1, 5, 7, 7, 1, 1, 1, 6, 1, 6, 7, 1, 1, 5, 5, 6, 1, 7, 5, 1, 6, 1, 4, 6, 6, 5, 1, 7, 4, 7, 6, 5, 6, 1, 1, 6, 1, 6, 1, 5, 1, 1, 1, 7, 5, 5, 1, 1, 7, 1, 6, 1, 1, 5, 4, 7, 7, 1, 1, 7, 1, 1, 1, 6, 7, 8, 6, 1, 1, 1, 7, 1, 1, 5, 1, 1, 5, 1, 8, 7, 1, 6, 5, 4, 1, 7, 1, 1, 6, 6, 7, 4, 6, 1, 1, 1, 6, 1, 7, 1, 1, 7, 5, 7, 5, 5, 5, 6, 7, 6, 1, 6, 7, 1, 1, 7, 6, 7, 1, 6, 6, 7, 5, 1, 6, 7, 5, 6, 1, 1, 5, 7, 8, 6, 5, 7, 6, 6, 1, 6, 1, 4, 6, 1, 5, 7, 5, 8, 6, 1, 8"
sb7b00461.xml	11584	0	
sb7b00465.xml	9	0	
sb7b00466.xml	178	0	
sb7b00467.xml	19	0	
sb8b00002.xml	10	0	
sb8b00003.xml	8	0	
sb8b00007.xml	4	0	
sb8b00011.xml	5	4	"1, 2, 2, 1"
sb8b00015.xml	10	5	"1, 1, 1, 1, 1"
sb8b00025.xml	12	4	"1, 1, 1, 1"
sb8b00028.xml	153	0	
sb8b00029.xml	4	0	
sb8b00038.xml	91	0	
sb8b00041.xml	8	0	
sb8b00047.xml	30	0	
sb8b00048.xml	4	0	
sb8b00052.xml	39	0	
sb8b00055.xml	24	1	4
sb8b00056.xml	13	0	
sb8b00057.xml	19	0	
sb8b00060.xml	62	0	
sb8b00062.xml	45	0	
sb8b00063.xml	47	1	1
sb8b00070.xml	59	0	
sb8b00074.xml	18	0	
sb8b00075.xml	20	0	
sb8b00084.xml	18	0	
sb8b00086.xml	101	0	
sb8b00087.xml	32	0	
sb8b00091.xml	2	0	
sb8b00093.xml	60	0	
sb8b00096.xml	32	0	
sb8b00099.xml	49	0	
sb8b00100.xml	21	0	
sb8b00110.xml	96	0	
sb8b00112.xml	33	0	
sb8b00113.xml	4	0	
sb8b00115.xml	237	0	
sb8b00118.xml	12	0	
sb8b00127.xml	54	0	
sb8b00130.xml	60	0	
sb8b00134.xml	14	0	
sb8b00136.xml	19	0	
sb8b00139.xml	1	0	
sb8b00140.xml	64	0	
sb8b00145.xml	23	0	
sb8b00146.xml	1	0	
sb8b00151.xml	21	0	
sb8b00153.xml	14	0	
sb8b00155.xml	61	0	
sb8b00158.xml	16	0	
sb8b00160.xml	1	0	
sb8b00163.xml	22	0	
sb8b00164.xml	24	0	
sb8b00168.xml	124	20	"1, 1, 1, 2, 1, 1, 1, 1, 3, 2, 1, 1, 3, 2, 1, 2, 2, 1, 2, 1"
sb8b00172.xml	7	0	
sb8b00174.xml	1	0	
sb8b00175.xml	105	0	
sb8b00176.xml	3	0	
sb8b00180.xml	6	0	
sb8b00185.xml	5	0	
sb8b00186.xml	11	0	
sb8b00187.xml	2	0	
sb8b00188.xml	43	0	
sb8b00191.xml	38	0	
sb8b00192.xml	37	0	
sb8b00194.xml	57	0	
sb8b00195.xml	10	0	
sb8b00196.xml	18	0	
sb8b00198.xml	194	0	
sb8b00199.xml	42	0	
sb8b00202.xml	5	0	
sb8b00207.xml	115	0	
sb8b00213.xml	14	0	
sb8b00214.xml	25	1	1
sb8b00215.xml	11	1	3
sb8b00216.xml	109	0	
sb8b00217.xml	64	0	
sb8b00219.xml	1213	0	
sb8b00222.xml	4	0	
sb8b00226.xml	44	0	
sb8b00227.xml	269	1	2
sb8b00234.xml	42	0	
sb8b00237.xml	341	2	"3, 3"
sb8b00238.xml	89	0	
sb8b00239.xml	110	0	
sb8b00243.xml	144	0	
sb8b00245.xml	47	0	
sb8b00249.xml	164	0	
sb8b00252.xml	13	0	
sb8b00258.xml	266	0	
sb8b00261.xml	211	2	"1, 1"
sb8b00266.xml	34	0	
sb8b00273.xml	57	0	
sb8b00274.xml	90	0	
sb8b00278.xml	9	0	
sb8b00279.xml	6	0	
sb8b00280.xml	15	10	"3, 3, 3, 3, 3, 3, 3, 3, 3, 3"
sb8b00281.xml	5	0	
sb8b00284.xml	4614	0	
sb8b00285.xml	46	0	
sb8b00287.xml	83	0	
sb8b00288.xml	3	0	
sb8b00289.xml	105	0	
sb8b00290.xml	90	0	
sb8b00291.xml	19	0	
sb8b00295.xml	21	0	
sb8b00300.xml	14	4	"1, 1, 1, 1"
sb8b00305.xml	11	0	
sb8b00309.xml	36	0	
sb8b00313.xml	26	0	
sb8b00317.xml	33	0	
sb8b00319.xml	34	0	
sb8b00326.xml	964	0	
sb8b00330.xml	6	0	
sb8b00331.xml	145	0	
sb8b00332.xml	23	0	
sb8b00333.xml	70	0	
sb8b00339.xml	239	5	"1, 1, 1, 1, 1"
sb8b00342.xml	12	0	
sb8b00347.xml	17	0	
sb8b00348.xml	28	0	
sb8b00354.xml	2	0	
sb8b00360.xml	290	1	1
sb8b00361.xml	106	0	
sb8b00364.xml	13	0	
sb8b00365.xml	16	0	
sb8b00368.xml	22	0	
sb8b00369.xml	26	0	
sb8b00372.xml	46	0	
sb8b00373.xml	6	0	
sb8b00379.xml	26	0	
sb8b00380.xml	115	0	
sb8b00381.xml	16	0	
sb8b00383.xml	49	0	
sb8b00388.xml	55	0	
sb8b00392.xml	201	0	
sb8b00393.xml	17	0	
sb8b00396.xml	6	0	
sb8b00397.xml	8	0	
sb8b00398.xml	207	106	"3, 3, 3, 3, 3, 3, 3, 3, 3, 3, 3, 3, 3, 3, 3, 3, 3, 3, 3, 3, 3, 3, 3, 3, 3, 3, 3, 3, 3, 3, 3, 3, 3, 3, 3, 3, 3, 3, 3, 3, 3, 3, 3, 3, 3, 3, 3, 6, 3, 3, 3, 3, 3, 3, 3, 3, 3, 3, 3, 3, 3, 3, 3, 3, 3, 3, 3, 3, 3, 3, 3, 3, 3, 3, 3, 3, 3, 3, 3, 3, 3, 3, 3, 3, 3, 3, 3, 3, 3, 3, 3, 3, 3, 3, 3, 3, 3, 3, 3, 3, 3, 3, 3, 3, 3, 3"
sb8b00399.xml	43	0	
sb8b00400.xml	17	0	
sb8b00402.xml	131	0	
sb8b00415.xml	28	0	
sb8b00416.xml	8	0	
sb8b00421.xml	34	0	
sb8b00424.xml	220	0	
sb8b00426.xml	5	5	"4, 4, 4, 2, 4"
sb8b00427.xml	25	3	"1, 1, 1"
sb8b00434.xml	323	0	
sb8b00437.xml	2	0	
sb8b00442.xml	90	0	
sb8b00448.xml	61	0	
sb8b00449.xml	18	0	
sb8b00452.xml	9	0	
sb8b00453.xml	97	0	
sb8b00454.xml	12	0	
sb8b00457.xml	28	0	
sb8b00459.xml	12	0	
sb8b00464.xml	34	0	
sb8b00465.xml	2	0	
sb8b00466.xml	21	0	
sb8b00470.xml	19	0	
sb8b00472.xml	31	2	"2, 1"
sb8b00477.xml	7	0	
sb8b00478.xml	83	0	
sb8b00479.xml	48	0	
sb8b00480.xml	246	0	
sb8b00481.xml	47	0	
sb8b00483.xml	81	0	
sb8b00485.xml	34	0	
sb8b00486.xml	48	0	
sb8b00487.xml	11	0	
sb8b00488.xml	53	1	1
sb8b00489.xml	55	0	
sb8b00493.xml	24	4	"2, 1, 1, 3"
sb8b00496.xml	10	0	
sb8b00499.xml	7	0	
sb8b00501.xml	15	0	
sb8b00505.xml	2	0	
sb8b00509.xml	24	0	
sb8b00510.xml	30	0	
sb8b00511.xml	1	0	
sb8b00515.xml	38	0	
sb8b00519.xml	12	0	
sb8b00521.xml	39	2	"2, 2"
sb8b00525.xml	12	0	
sb8b00526.xml	12	1	1
sb8b00527.xml	28	2	"3, 1"
sb8b00529.xml	53	0	
sb8b00530.xml	12	0	
sb8b00534.xml	16	0	
sb8b00541.xml	23	0	
sb9b00001.xml	26	0	
sb9b00003.xml	58	0	
sb9b00005.xml	91	0	
sb9b00007.xml	28	0	
sb9b00011.xml	8	0	
sb9b00013.xml	23	0	
sb9b00017.xml	1	0	
sb9b00021.xml	14	4	"1, 1, 1, 2"
sb9b00023.xml	44	0	
sb9b00024.xml	169	0	
sb9b00026.xml	44	0	
sb9b00027.xml	136	0	
sb9b00028.xml	40	0	
sb9b00033.xml	122	0	
sb9b00041.xml	116	4	"5, 2, 9, 4"
sb9b00042.xml	178	0	
sb9b00044.xml	47	0	
sb9b00045.xml	182	0	
sb9b00047.xml	28	0	
sb9b00051.xml	44	5	"1, 1, 1, 1, 1"
sb9b00060.xml	123	0	
sb9b00061.xml	91	0	
sb9b00062.xml	38	1	3
sb9b00066.xml	36	0	
sb9b00071.xml	263	1	3
sb9b00073.xml	217	10	"1, 1, 1, 1, 1, 1, 1, 2, 2, 1"
sb9b00074.xml	7	0	
sb9b00075.xml	94	0	
sb9b00077.xml	35	0	
sb9b00078.xml	19	2	"2, 2"
sb9b00080.xml	4	0	
sb9b00087.xml	16	0	
sb9b00092.xml	139	15	"1, 10, 3, 3, 1, 1, 3, 3, 3, 1, 1, 1, 3, 1, 3"
sb9b00093.xml	61	0	
sb9b00101.xml	72	0	
sb9b00102.xml	50	0	
sb9b00104.xml	39	0	
sb9b00106.xml	17	0	
sb9b00108.xml	51	0	
sb9b00111.xml	10	0	
sb9b00114.xml	42	0	
sb9b00118.xml	81	0	
sb9b00123.xml	35	0	
sb9b00127.xml	33	0	
sb9b00131.xml	3	0	
sb9b00135.xml	63	0	
sb9b00137.xml	62	0	
sb9b00140.xml	239	0	
sb9b00141.xml	48	0	
sb9b00144.xml	163	0	
sb9b00149.xml	10	0	
sb9b00150.xml	68	0	
sb9b00152.xml	79	0	
sb9b00155.xml	32	0	
sb9b00160.xml	5	0	
sb9b00167.xml	24	0	
sb9b00169.xml	62	0	
sb9b00171.xml	34	0	
sb9b00172.xml	12	0	
sb9b00174.xml	87	1	3
sb9b00176.xml	114	0	
sb9b00177.xml	9	0	
sb9b00178.xml	104	0	
sb9b00183.xml	19	0	
sb9b00187.xml	10	0	
sb9b00188.xml	59	0	
sb9b00191.xml	32	0	
sb9b00193.xml	24	0	
sb9b00195.xml	141	0	
sb9b00203.xml	38	0	
sb9b00208.xml	39	0	
sb9b00209.xml	161	0	
sb9b00210.xml	9	0	
sb9b00212.xml	44	0	
sb9b00213.xml	38	0	
sb9b00215.xml	108	0	
sb9b00217.xml	12	0	
sb9b00218.xml	2	0	
sb9b00219.xml	6	0	
sb9b00220.xml	122	0	
sb9b00223.xml	32	0	
sb9b00224.xml	2	0	
sb9b00229.xml	93	0	
sb9b00232.xml	86	0	
sb9b00235.xml	34	3	"2, 4, 2"
sb9b00238.xml	45	4	"1, 3, 1, 5"
sb9b00241.xml	64	0	
sb9b00242.xml	131	0	
sb9b00248.xml	17	0	
sb9b00258.xml	2	0	
sb9b00267.xml	6	0	
sb9b00271.xml	11	0	
sb9b00282.xml	68	0	
sb9b00289.xml	10	0	
sb9b00291.xml	62	0	
sb9b00293.xml	18	0	
sb9b00314.xml	2604	0	
sb9b00321.xml	17	0	
sb9b00322.xml	65	0	
sb9b00352.xml	19	0	
